split_rev_count: 730
split_revs: [1235 2056 2108 1290    1 1843   83   81 1702 1809  262 2206 2274  151
 1416 1085 2031  230  566 1727  993 2293   25 1161 1459 1929 2299 2143
  659  356 1423 2316 1924 1980 1167 1089  428  747  338 2157 1880  606
 1646  486 1358  865 2066 1511 1135 1327 1742  119 1008  862  721 2369
  964  145 1265 2017 1927 1224 1993  678  830 2021 1013  416 2307 2107
  507 1692 1594 2298  276 1169 1766  223 1533  903 2074 1406 1614   44
  318 1991 2309 1527  405 1455 2032  132  104 1003 1923  349 2202   59
 2239 1058 1091 2317 2216  808 1639   74 1992  788  344  612  958 1890
 2128  636 1095 1128 1010  686 1236  207  334  690 2373 1733 2165 2043
   24  142 1343 1665 1599 2088  757 1430 1247  238  802 1601 1183  731
 1836  520 1918 2034 1097  773  312 1473  702 1868 1034 1905 2181 1111
 1163 2308  494 1451 1523 1842  934 1861 1223 1784  310  460 1976 1426
 1936 1548  775  391 1481 2256  954 1384 1347 2270 1684  269 1233 1844
 1825 1040  386 1963  860  715  697 1759 1650  352  840 1847 2048  395
 1679 1957  510 1231 1385   13  359 1092 1570 1234 1042 1515  503  877
  810 2182  106 1482 1571 1831  660  772 1326  584  420  745 1356 1065
 1293 1276 1850  465  222 2253 2381  476  345  624 1470 1815 1814  655
 1071 1373 1045  387  770 1079 2379 1155 1838  992  285  306 1012 1157
  938 1778   62  982 1369  209 1256  832 1324 1887 2180  863 1585  244
 1947  415 2117 1775 1999 1151   98 1338 1765 2003  601 2000  424 1378
 1922 1546  536 1558 1704   34 1372 2303 1686  921 1576  129  330  170
 1606 2247  621  321  712 2412 1685  846 2103   39 2427   68 2010  880
  919  154 1017 1903  849 1615 2322 1215 1800  157  848 1581  324  791
 1022 2278 1883 1246 1463 2141 1241  435  189  561   30 2229 1407  241
 1651 1349 1779   71  339 1094  504 1711   22 2432  211  256 1520 1210
  856 1806   33 1677  804  823 1817  910  748 1100 1974 1068 1503 1289
  649 1982 1435  970 1322 2198  216 1288 1466 2387 2046 1626  462  384
  591 1907   42  984  691 1627  342  642  614 1934  925 2004 1106  371
 2173 1634 1376  755 2186  134  999  393 1753 1066  127 2161 1690 2049
 2285  152 2008 1420 2144   49  822 1388 1596 2334 1730 2352  850  178
  694   35 1525 1446 1165  363  851 1354 1751 1663  340  838 1734 2315
  361 1542  522 1030  409  124  450 1607 1526  284  732 2344  182  780
   61 1715  228  406 2411  996  147 1075 1720  769  314 1105  942 1732
  159 2329  978 1342 1577 1906  316  163  355 2297 1016 1952  449 1447
  234 2357  229    3 1628 1310  947 2280    6 1587 2391 1142 1442 1009
 2222 2176 1495 2199  899 2098 1750  867 1531 1678  700  852  499 1544
 1360  931 1329  233 2219 2319 1287   27 2163 2006 1174  291  618 1767
   10 1874  401   76 1623 1046  297 2112  879 1140 1574  634 1497 2261
 1914  790  144 1641  289  181 2075 2193 2002 2099  711 1166  833  469
  924 2249 1965 1197  844  549  417 1560  861  661 1938  275 1357 2183
  613 1330  366 1048   18 1240 1428  552  816 1299 2138 1415 1823 1536
  482 2376 1269 2116 1478 2294  654  138 2305  265 1143  271 1865 1438
  679 1717 1946  248  398 1263  894 2037 2430 1108  511  545 1707   23
  902 2354  749 2035  146 2342 1516 1705 1049 1461  524 1216  627 1624
  629 1632 1714    8   26 1353 1057 1479 1826 1882 2356 2420 1977 1189
 1178 2071 1291 1313 1683   67 1701  588 1755 1871  725 1117  288  212
 2072 1984 1506 1320 1187 1443  274  929  763 1119 1112  831 2211 2335
  874 2104 2209 1798 1458 1969 1298 1452 2054 1694  656  472  122 2060
   84   51 1230 1966 1600  625 2057 1037  315  307 1602 1315 1262 2123
  518 1961 2023  604 1895   99 1434 1554  374  567 1172  236  343 2058
  517 1949 1211  150 1160 2434 1400  777 2024 1637  446  836   41 1996
 1202 1292 1935 1580 1321 1031 2284  799 2061  818 1361 1538  674 1044
  169 1007]
split_pap_count: 456
split_paps: [353 556 251 235 125 166 261 199 501 390  73 771   6 854 345 511 715 265
 201 204 851 169 652 617 424 340 191 385 115 313 534 807 128  12 823 510
 543 132 584 812 187 828 746 318  99 622 767 193 568 837 628 296 459 298
 884 721 580 130 520 515 565 562 878 876 822 181 391 156 292 332 726 699
 708 821 377 730 312 605 240 576 683 780 681  94 564 412  77 831 747 661
 907   0  97 697 286 100 162 782 104 729 840 762 434  83 718 247 824 857
 399 552  44 656 804 693 651 820 517 210 542 148 688 225 838 254  69 530
 361 355 713  45 720 146 145 757 618 567 173 531 135 282 776 466 816 306
 487 124 138 275 539 784 600 301 242 403 597 751 400 139 322 116 422 160
 814 859 717 852 847 728 372 809 374 477 253 694 404 772 230 151  54 700
 323 774 642 587 168 874 241 303  87 687 454 436 329 280 335 505 174 448
 416 386  28 863 612 449  22 215 489 793 625  47  85 536 277 126 882 290
 516 405 157 654 330 494  80 483  70 297 856 395 344 881 674 202 709 629
 272 655 352 336 666  93 707 226 900 455 860 232 527  39 307 806 465 888
 795 673 428 457 326 110 769 103 381 648 623 810 357 644 735 569 559 627
 446 447 764 189 596 285 724 294   5 186 179 451 271 616 260 738 498 413
 830 834 474 659 101 333 379 214 898  37 601 207  16 841 826  74 639 577
 660 228 749 309 741 783 895 370 268 478 266 287 763 144 295 790 532 188
 452 672 133 327  26 120 742 791 664 367 566 788 514 358 611 657 383 794
 269 302  17 349  61  24 653 180 171 267 373 875 415 234 170 427 360 558
 607 669 509 243 578 278  20 624 108 645 889  58 825 113 430 633 760 805
 484 184  59 695 387  56 759 843 637 134 476 615 768 692 658 799 262 450
 839 365 885   1 334 118 901 220 461  55 122 758 548 490 321 731 551  68
 670 142 583  82  49 848 545 219 906 785 595 813 497  33 818 630 755 525
 127 419  32   3 887  88 304 431 141 679 555 602 641 727 590 873  65 632
 401 273 752 897 786 140]
